X:1
T:杜丘之歌
C:青山八郎
%%composerfont 8
M:4/4
Q:1/4=120
L:1/8
K:C
V:1
%%MIDI program 24
 |:  7->6-3---_    |    3---3361'      | 3'4'/3'/2'-----_| 2'-------   |
     7->6-3---_    |    3---661'3'     | 5'6'/5'/4'-----_| 4'-----4'5' |
     6'-----5'4'   |    6'-----5'4'    | 3'---61'--_     | 1'-----2'3' |
     2'-----1'7    |[1  2'-----1'2'    | 7-------        | 3-------   :|
 [2  2'-----1'7    |    6-------      ]|
V:2 bass
%%MIDI program 24
 |:  6,,3,6,3,6,,3,6,3,     |    6,,3,6,3,6,,3,6,3, | 2,6,26,2,6,26,         | 2,6,26,2,6,2-         |
     3,,7,,3,7,,3,,7,,3,7,, |    6,,3,6,3,6,,3,6,3, | 2,6,26,2,6,26,         | 2,6,26,2,6,26,        |
     4,,1,4,1,4,,1,4,1,     |    4,,1,4,1,4,,1,4,1, | 6,,3,6,3,6,,3,6,3,     | 6,,3,6,3,6,,3,6,3,    |
     2,6,26,2,6,26,         |[1  2,6,26,2,6,26,     | 3,,7,,3,7,,3,,7,,3,7,, | 3,,7,,3,7,,3,,7,,3,- :|
 [2  3,,7,,3,7,,3,,7,,3,7,, |    6,,3,6,3,6,,3,6,- ]|
%%text
%%center https://www.vmiis.com
